td: 200
W: 20
E[M]: 330.147789
Actual: 114.916000
Error Rate: 0.651926

td: 200
W: 20
E[M]: 330.147789
Actual: 115.184998
Error Rate: 0.651111

td: 200
W: 20
E[M]: 330.147789
Actual: 115.226997
Error Rate: 0.650984

